starting
n 24 freebits 4 free 8
{'start':0, 'count':3298, 'time':1981.214338829 }
081271367461398889499007
662683828070613194526968
986028003226777696994257
257691413143547736133357
658286770489550295728849
651539189571101200616991
380599379263815466683351
462374085001565260646266
379000538074374267229491
342663522542270428358757
890790874569651545523040
662813940409500418766409
657940046867105282265641
138888910316250315168920
946707878194073977898084
711524372466981154404204
179116740082219698113266
478094301936893015215918
152504033278256914888047
071510884059473547943837
390234237924881137805025
039436399017613027550672
462640514116745445454051
960212483483406137570236
098866992430478582148010
094042224490708210859961
316765312835267851101814
991359661182356365586047
301254989128150979480847
896243529282297790312949
637206862189785226519966
171852881849096019565061
857856872699531551161882
195080560574560008271568
063738282409123142780675
786532574193799417991406
966799477026362121803446
379112373200219551055445
961501328676870781820821
838706252902397126121198
735874260439916461174977
744025905932474489934965
770930148575076694171652
583554865382680550938202
774069156067892391240549
320850227467133934125094
018269899859088949276414
607164270904368767701663
202979800364920936710861
148804685518051024765170
533547789892896672755777
965127432340727674478929
803446945762719443856546
807965488472237005325760
574457952909200764812361
262311137929746853465136
473599298604910759390450
467909496673795888315989
328866187805988600835104
489108652704471084421467
716877981512832918255890
179113039460277442966302
460394927150952756770310
800530154006585230013528
798762705027621223057145
524249125488609722903505
167194837493582152504204
955079979675976274992755
343062274931806738439527
861075908055154685426584
850727025666971342000082
245530340952539148648596
592013549725758950988557
081653552188995571471259
344245741848219419255428
016217867226538153369258
881432587644021771252995
867939546818214402036233
818191262871620466631914
224130734648615076802751
739424447929039551346163
769964472789870965988781
142470914244922566369482
759365937091953746661526
367634342608507762345087
476350304619172653405599
331902950871469351049313
525660013752331083040778
872101453531969460110077
857453437767148065886631
737746855471269039408951
576995732023785246949147
534734180315900731493354
347453460110781504420751
916037137506748738401149
562999882213508990863712
961569984869438396263682
366288951635694316003365
146074783956413604825803
107546852907473826107912
184188614900264278126462
969899315010276981891517
183235874821525829847390
494084871948194694399062
528211826517966396905900
592157480728605712475861
629740944375782847589826
965575950470301186173967
518863533639465745354357
164718274215277133027857
511346421845824111727443
846552115595896302717025
740789824867700159466262
945450028315867468441965
230431776416124656290430
378154961600786570138582
348539292557742968766171
075739860841790874167478
715023924201146337851983
143045924158933103101223
467482443509671097322861
104336061190052587158887
470826645091081274368418
524162601085203832276098
743367630784785616147757
811184873557922046804287
843634234029999524452100
342492877039332523874021
509186246740401456160890
947359849901005135955065
348490715863766930337745
142323076680831547519645
025348762230266285693379
351170798317452683397821
657762484971118939580123
831504622366459780985122
328082372243276677894385
102696136884712434515183
570006346584065106938943
040299450045396835221067
074286403716165719610075
058924215110098550299902
706830496287549668979216
537509537057323083141720
933879438301146879269688
113138217636326028027831
350509471116610154037007
406098408320740394418949
169408068628062966589328
684609189625921788007637
453753862788207625194682
550831122265351168171115
783026453394668594894689
332070352551345813743921
616586327426570225021570
257621114391661867152293
573272409515252649319926
397662433913606022648954
749409238778232453613412
111244051856884711657533
779719530273146178271010
626632039739719767066759
798943439965998934688794
237325943745799737652960
215276863132616215093346
414146963312037289140895
043344819798222352098229
411206438351026847656543
946632336691175166394510
096832821841868173357255
814737482200259869325461
694621487515155459196674
421236216597911771819295
920451929218901773007923
440096643406874755819602
478055562338110349182122
220880625735953433584925
261529241431008508952715
723435810780467269809382
326243898038346434378242
009075433346321461319880
158183014139167593783070
107822510602817032142468
351110761148981477926005
515256650485900313032193
919733438586540594967180
041413698358199525417652
189149117447181007746174
326671512371320963685495
535395174679929573232709
482765295002329408403368
939949984365177301092552
709932601522664333635919
227654922191188322273022
156868272878948102750426
658579761486435802820448
807454838377775832775375
285992624438135580223634
163800053215285471124804
346220034596639534823579
644423107409011600597573
574324554784305367869052
088203336935396790805566
684818840391455166966718
404805796793829959647360
810031721830323492279377
710475529073606829356643
237108731127255491985099
798606780975259951866605
808319885330325821764404
854696083726906778850459
362371515506861618920768
041045580948246661120138
494700692551006974188579
523644383309091337902547
747333764312864834670558
923253238560622982121847
807108412281916355080324
907496364844582191028040
178531216967745873571182
944119680503065244457155
847633045745805149417410
043790169537282079005836
739379231718866176499888
946160376288917341904891
410392976720034296335306
232263529990965856859791
288668806611394315509870
014200309904270979343556
743101549930278622000825
670899623756930352369550
862948725315681054257066
703749376842917141713882
615817025298392754859130
414035274228318187930846
230454185213535938109762
988180228378145053315717
765018384158164832927976
874090162652615589163949
922315744843398673632119
225824341577845721527832
001284259225866452301069
821160511869596945332088
563165267159338377268418
975925399820259862722078
376315754364882109661953
512939633849152728813768
316028679914904784887823
529764753460605596897654
836952509588848691240855
581659729866354441120747
601130500943870319871842
952361769978082666102294
864539693953292281656858
914849708455288454161128
522335964571520529280647
267750630408898227264165
561525315054362986121022
434894218160082437815147
761708452026670557450845
933042242915772817882451
943460115603086626651282
921314485975621902288886
598021727977556256847910
101745185543802314036054
029317813778913775319308
078683059170863577666554
074662863550342588842686
274978821585306748374752
288382309250678817616831
479929019996159124660312
539386563666606175856565
417422681834706181941340
468611381862440121314558
095620911032404509882073
972279839817389971989696
183483665947068755279489
380051629361091935214642
904892617336682512178541
096593082664657206641340
630643630067553915939186
556177978465100943553693
058051168741183241836831
584987943753140916952692
447375710873448142274943
598910231950988373768908
774033053307931542714282
489650579038648122673890
248617432438340106797281
999586009540225976455450
053111013502533227795764
326845180964733444652464
136956205173768920177214
869958942820429377211062
031339082618241798184158
610640979176890496810922
560013485381989590959414
349553133899369715930492
923895751768619265877380
971616998396655072889185
587132564690112510382001
803225029900914697823159
360479448380089389536652
151238091673431508767748
492016246635459881531383
364069307743572330656621
984115203241589516407867
647644561076357485644617
012264771442173896999823
725586302130788472793960
450831385241777963637609
672807346238509948257825
643325821820837601534247
164061043353205751591988
641911054010389353383049
855411489362378723201504
337437731732980889491350
373623150550976009136175
833721721482415949095185
591741305724995810123161
075959865392335324407074
255687801954931957921758
905129846844964293065033
679367613891384313071110
754004220822943744624386
248858605642219674915752
027853760347698804747245
294313295761603934343201
761472336313515891023390
064143731878772436483693
489908477800102956104396
212137113399395761909612
663963393493695295333663
567217893002425260451414
939219170300344192805389
508856140795654160125921
437016819584960544967938
877058058329371500003997
177548406842788423773263
697401097317590213109112
615567047694767065209509
355878066976042727748052
197146203432168529973305
581368084513943277609766
572600804185035523021184
177929327629144094338468
619551256525130693664301
878780250519597665348748
026925167987381108895863
680422867522413824993676
916218766729008811313836
889213117998225321694079
413153778986106147802531
369041816921843706974992
772893866031963969670807
899939506158526950630242
556814659595281429421313
616781236512023900922405
330503911535414991593852
172204847438220926952382
513547451421859325114369
827058334734233841011872
342588822833974270800054
322963366840905589230618
844921916907607289315032
996677356033616194213373
364468046223016904884565
111658332512534347422592
913625102865224550438988
358517220896713570757743
884859936480260095964704
182075186992191894596644
804897715362151155501132
290836716824744593789367
148027599090111026252372
757539129248705394435734
893389108856420073793809
181178796060712798130468
891168827550902133818627
700072158534315079839825
080792112693320428692053
792548764769380925091904
404819046790939518528776
941796018551742699032572
606484072171024314353047
471433632399659735129269
967014231720249144733515
241986835059629996664793
307282163585462257844190
245266307128107882361413
715725869392507475121260
488031588670886111844896
992038671007302257630909
253771865765912412670769
925096624487082261228186
393421071187504494753522
619679552114652068753576
472307768385398570556844
729790808686877485973639
437949665171931146657385
290789009305762892775377
824270090026161555129872
714495615561162722409735
869308918992982419796539
901161867917830397543684
592742304523768409328786
429975835912466770996082
644200225937254267405421
807703451542404354797045
526367459652303899644026
691040288024798693191836
385329924784968439095560
340625073132653814150612
711352891890954989641609
025270828435228834648890
250771813167994786124868
196725815684067338716609
365558484943804727377913
910327651145855329105697
265676187479302438090605
922446519163485830284488
751535875288410559405492
171888400591270039301065
434814918547161650073386
580817313095512830436501
145214584899773934901887
864795285547587415672340
027959680477832726900962
039934041054900380412667
925752222473361926871535
029810878496712014081402
483354771787690981603343
008903309358017100760781
655576288893038589971619
869723512278170023513767
795619093087387082840824
508486472013393366081218
649953391696263970882999
931654082299296960698298
329315732908312377317288
583486561693023709592221
306762323565452607662570
564752332999344583955921
009955139263620888777245
820295499541912133418323
947477886598027842270039
487150712320866990289920
499549901617969423353327
799873314742642098196726
629804475201000050174256
031355880632251723713854
352021025664702147150991
876318087336037877455495
977058199256098780141873
915034089429096735616247
120221637084179243097316
987198230225561641336944
579219907315443567625675
859544602308191083879033
982066765373597877552672
673149918785847080975037
419733869976627174015577
681671860539394133709373
152337908006774174828093
099945422473746090439251
111135057761286603538553
121694743058713244201389
789689844997459923060750
354341669603884384365120
658705744611279740826038
421963238923784817782837
513637201752397992984554
455943415002010098259073
051074279665688589775788
217279530798415333952847
764162467889250800535901
976462360272433034648571
206041737217463519467502
959893238022540887931366
937526220721566285413790
393039457544631927136798
793445037288293189444064
671738989798403425662985
574999576953150203049145
164440332229763319873665
373002755998353468272718
727312372031246979626609
270496676454540338390001
630432775807600162016879
463277652965690674799865
876408841297011998556149
102304357502123248390068
799921110249694084935071
349950805124219942621523
140933409335889787460302
944384640015076132365397
537002496277365866588461
144648876097310242830645
493949344247585268998293
317863733223865786951027
806501220635113348770059
386211200052261847492616
234597320872158602291954
658909258260619862246448
569116349189468752304463
798121697116858435316946
738320898327286302770502
319887390523471637921860
703739499768067762518730
409335019305721003618541
602703748988882670859771
038943398489610508621579
508600212747480926637777
848475135861759388483834
029789089321780014047230
560260503915844723053271
456029230650639960858637
772728446645852919575551
371061572985209383394364
931558213461685031300664
914312608330162926602226
839421003796837569305727
338219462688418956586493
079556333704988285284158
812246510184143796963691
687854830883425471878929
804345291006125097406480
893950226615863186224053
084843330135371600324444
443830016696025063840390
237978725729622183863638
374324814406380812582975
883045541075909645140398
239338626455498807289106
005228037346851359755282
100133842877979290478096
191516831816036851491438
108873859560682237130574
022535072413868957151266
878817187621015469984639
961047216952714069847833
559676187657360394415618
192554857947078050797719
378363813909114140212536
657167253376741309254476
580718199341462999496871
075716158707408732909040
381303118938467217850017
855587657244131366361138
512549766276454149990199
220657091488900065122300
774418958106084970911409
253089702794437077706865
708403780018151872168933
160547706260457429464676
009388733083471729648381
823731332325854124120397
727650698398025523811072
899698318906954905670102
845740136617867134500167
210050193928376406231732
322098373629602059771630
933120469807414041177539
260784042715896069936561
997697666818872754436295
596147919564747227203963
396438033283168158850424
019383288347368065825984
866250299801384024708990
434655617218616416847584
019166827448540658803313
724912403266657429520439
896491189265626025366022
779965051944629547163856
485586018535598260438463
530629216431761968629145
874099210859127665400566
113749257937982674680202
990544195334633189895792
471696979862499322978650
967294053940903466974165
343558174536768655320170
366355539555260315916311
340517906351193105990962
916492022294170026507882
683905354601121696038446
655366706174991436210548
419002396046953950239612
868517806203712739578052
925768156018650816861942
740634785620355023553153
293447171972146407334189
608783917690070970410550
878996074493600459857897
649481095305854471285462
663165576171750075985710
142983264058291374767831
998099853800553434395342
824048726292364591246725
518952832151568043962966
833930127886091699764373
387440853691309886150925
547068071871632843513986
566320760207543866504500
100250444143326827867762
925057455196279430897205
098457927632624228195096
856734886155839036086889
804895486941977652896056
336653891848722254871422
731031749054462768836400
259169192266070311409070
750383948713066220555030
587191050000445129364532
588035347317538576532233
458556775750239572207717
694178251281105025994038
169159038460288330635833
662728843828542969647545
891256530269602013748935
838747419588204974018920
848608822305341849737013
783797925391313698195672
052978273793708270155098
249343721632851863670499
343052848399745851999618
801101297328007325153420
043459362716010275839043
706123831638631823934025
890646329517359692498867
319258436151101135963328
686366307876125124831867
771034639019722991286594
979264531699565694429464
652578492855187170509125
284802765871363606144269
280027299155668121567280
697659132862041255657665
597039653157085283848514
518882525060771104511108
677356587637924641464372
960116302657073188882067
789103926843674822025651
754093780597006238206276
150688659567699034898358
170929430755939850086886
491767929929119798673683
595412707413929232057036
620825787494290783579383
258961492002158599750298
452406130294158964461358
124618254689262280321439
644823889206521749218814
713955611998780965069778
804780891575586183597398
746931055435659613239826
697576989174597228705056
590468913155964395512448
260507652285224443657276
396146183542762737414922
182213381957671150843694
161254738434750309360607
973513318761837483326286
299638559778390584984983
697206406101186519240282
528781800209716361854450
327333306695495496880274
223075530122037036632411
379873693566050338204467
534398602817306554764231
700339755049035539068366
854969580589814372240898
072982148690155772102945
414906697321059991771534
942404011317393922834252
609841166519579759347037
435118151191473015127031
300307908275365748611977
961709462725379782453134
632441037783942457119196
056832604244685502705013
461512102938392378027151
429345744507941220869315
678327516317126571696454
983863864117985741063874
482257315322037378019903
354512607803132354158453
602168881743816377018263
068401075047281059259366
450020630327863156843446
818116133952611310178141
686471434564620691472742
353891522527285375910552
942762648361689494430438
875553075939715140589558
691898342219522339318220
462504146615190670103216
941479669810083173000987
737685797401212512021440
186268700185024319562840
218338895973361453156743
018830199773385219889841
622893382092870155805472
149197376805226665350263
664540040940285537998044
150521240749134539653186
489031895359625873104521
281158686928494475640234
421541083974477215616010
342021253679707576489665
515337215314569495275190
379062988640560278848789
441890515759726805063524
660001543524646265174841
099134534705632687221566
318275112914235522355538
022118129488325521183772
447339420211520074062299
758174678827916465087226
900721748590981359741155
524494732381670822693986
365781858735966310477166
405799997481144270349961
326919769572057860377526
151149932339099101335601
251221395370651942402184
820822434430802043403376
496877040283782624991213
249060609352773432237493
965060180241147495763482
383047790238217193338522
271037875673753677732261
901495179063740252041445
404198770776858363410679
120979405094934247881873
693809552832175389503793
965742197039355718959943
102668245303592020927727
854785451603123491846505
801019335185011256386006
266350904290284016703076
592137733211307262843087
082756278184947236499571
376721186557293448092373
588052883106763258571563
961265944853722085337245
563227476561124863038946
056138416967846439190484
463015691830634268229204
478221802071341363298685
116853287168372323649869
353011247251432189737121
986334070875605823077099
431160759149216426513943
943026299051490627288152
248568608366671458728231
319059693270955234591270
243778133246050340265045
771979425588712073697002
559491099632474844930418
273322846889611844175656
332180882726868856979835
947278353163430041066194
266530461195968290318516
492385663008422655434195
071133576852293879238601
662058303816471590166562
999954709632490491971000
313071016378929117081101
757535260682992017347691
560834516505520213600081
432121905454344995364755
853481028591803311652957
188482605651331438364487
848316417473442454814527
456409264745288335047875
848075641294084314916981
814674921794571035870941
872451733329830303396492
491240400880628633161873
405328320658620402357120
692421205582044952726188
753822754966446683344198
097264376581538891159111
184705462715606159175224
294364700546797026748233
128789659731643449052294
098261889977633318067142
566276037398713618044174
859731227295918813394284
872448858145215571261921
652410825195843493367115
028321576853757873358047
804156937049401640451775
598698320589323282784519
367880719180628584483624
901842427768348143018763
127302612314821448198182
936488628781405017406795
615459164771339738591864
477653225010782154425938
378763065830799028216493
957271335783435841678835
894574918454610320935816
000127123567805322775067
403474964395188251955107
249979758008403598508516
105069169012246594350536
375519370974040125081654
988860532807498204785522
544423473769890754465387
025233715741391361059791
695525049665354302713361
477945782809930447794982
894092805014173904594921
588188320548071538385684
567172142102908876131546
598651680624037772913438
478603586847297077976495
178555401398538421937356
242236188208670764189682
952658401994514650375851
815275959540728454052933
092774324060447467730266
317742538619610797474234
847185578571004177630352
616951834610790291740412
354241282454220183485614
482152948041387120069554
129012252002274189010071
825897798049818946247665
654906673080841967286807
443389339929586808616538
685457362260301379415663
852903542624101775285653
668502560653041047574570
980926002501993092453352
148350838031451887228706
174401930926842327439633
603581803169930134694519
627734614246267037028302
307303348809521813290247
499376265632575777888525
127101400787321277682952
297905223308265713493185
962280215276314382942664
147006460352746412132101
506940316161279324576665
437484717379350414048137
596995595741637514303947
519141918854881331824631
532437567440421976304208
011721667502661659983980
567798324551784343406906
722777913313122422834259
232386488723118524407677
445324220288852394125144
539337196217994957522574
313117594969291201720848
880285922619697215760089
880307353302035587802273
619373780325877546779196
418916714742065542533230
295430732650657627201390
705940752683851083900028
530573424610900423470287
105301525246808146380842
813078605602316549136790
213011594855844776485641
013134309594300831875148
270933971580873697706230
488702036831899027352333
437704857508679512640563
951278564021899225056246
794356940449014251572991
728633260807608040235659
261511299871580809209692
569710335371086167266130
395626361588344548525459
853126697551246000610102
149260937382883363081479
451134286172843264423608
190871138204523748451434
572448509770975150678534
716440710806619870349599
927291493299061469692458
452123838884200688522645
584347037531242211927493
509407182280313344933090
023437942035776108861387
691341841104743873122001
596427582673991999916226
017951466854899526768466
487162368076604060977261
414539844509669031278028
421311744962318105625829
721159620115156431921143
408799662036036440076686
525152136545831958120371
654677160068384881557573
193380080358150562854415
751468142747830871970652
282031332299697492418378
120345525085611216314586
734318867012926589653553
989488701240758803621695
279308070244274715018193
716024164935299123261696
544151965666454196466117
616407830311013178441285
190782401057472207186658
874630519760376786071562
487077931570972092769393
224263311394223225119135
035524184974648231920665
343026702577446340142138
393807477466752958161903
061732650499224977107438
229361762738301069605703
458385304279443406520459
199132524613447858777953
367241329342447811169535
294951598976007588790866
802450625099672834087106
567113731905735878408462
087157400743864419182522
573445425272006068294458
881134665040502562057453
530476146020330148446346
895966103382491831051303
424734471181790333811326
205745326529861319098179
271201044085953344514381
132099939018700989585878
770009599280287473783878
116475689553742973794996
550950299398046708480276
468758327475470736604203
659628125125458841708540
118337432204411634384970
018279141155041555004251
251819447230798649302149
641506591487360217092921
094177249199007216354240
372534171623876059563379
257467270222667497287020
855197196025013420752776
259996320124175845011417
086423018288305993590508
637109991799446410962091
067562583633969223571011
232233814712054139385464
986299159530213396902412
575620403367500559535663
182503526260880791989056
952856732179651235963060
647120123989743213284163
996301357612503222068561
442296090707258324429700
559702091716088087300671
780180993951768932905346
823332397352458054187695
788150586925563533440568
303115318472369366401893
085641659145257585431165
875122657649493509743930
214893980268905022081704
534608228990627810933047
214966451985437548171556
741383135193841883530404
214627211475282198792787
285823360577637055411390
739123645152051653141462
697738071570491156272658
136992037228857305170680
795951918389047201763475
943381119056892828702622
428948863501337274937773
485947946039567467594036
001713655048525688320959
318765834238888303958657
776679460493830624254585
165309965749384781955064
399420224221598497826965
416161261059081189735983
075720857179650918668650
238583417876743985644158
000295923224843495601323
751533850610000358801689
205541253825631326196157
516020657628552373599035
837860612957165996710110
935658668279028902016477
405696760964625595718956
416898470267889642690602
301947437068764713420327
676023423629861346373678
413538884530498692108261
528525215919854023373137
947008063359582769843897
896286094600908035349751
202611313360185437471734
883608312755019395656327
447516713138741550155188
346730806577856515166933
698085828127516230590610
914944357855170998674331
477758976509182675547092
807776447707506306058272
947658324710538141816894
373688863518556257179957
948163570630297059125626
569484729954521823922761
972044592086776609603237
002888280196769869231782
721134811510487138774076
239388502211142621520885
334518801766706582378103
369398312103362928331502
460187922991997969760998
870946330107968479616196
972134504166580416262761
376522687158426423947630
087373514042992676248209
690596469705623525970803
740470140700388342396958
631527606451555351936477
154663346316759344484202
118167065375070677691887
654405921897800605776313
004204577775011988810529
989647981683028030835836
478708657561424427826973
502767306000541495982454
157366101116645782891864
941022652092238637580129
532083183779464519518506
616166588887294379689579
418588243919113844840627
501364017144943675150525
619957295917504741274578
816046260706490101159736
018715319142301284827982
661837222609604298381513
972042590198376772153432
304574746244367988872248
269294385945974720108244
083328638513342405188351
823996970201149179978889
943092239265287471900013
741236407204648996733632
940400244742375292251165
371960488675820683828827
483781373776979476506940
509292506305351582859576
854244448968177440527508
775704714217972558264307
149491208462898845214425
576262097754057686008088
088730884680679149532354
185824141868694052875613
781985718907684404365011
003841561477872337454001
199163690213806431425766
355566998361695581504960
209660733428931652677871
761318932503029368660138
124995552712352943037590
372519052196141189510059
137036900904527020758499
253662500700275170986612
881709538698562369590063
674356500260674826268045
796855272362213997339789
734021264171839349892892
930234286906278530242023
671544525395753605153669
541935544424091712982870
979277451553586712252550
335578283473295167966915
688062098245835340010208
698681294788434102021759
729699007038933832954897
498747712775738114853343
268650171785714180717769
093358669201892649264493
453172253941320098338002
172655865256764203946766
350864627443905704098460
533688846108811644520197
596004284983746981523869
318283896103527519374409
700463666851814764332044
892347099593127960063277
837286954303900276605869
985750035800183536927545
693630037274134447580615
009704721992157012247540
538517514933619116066673
027706731357857447422469
873220377023328029701587
576074802690819338428998
052305901463745712743383
009428982574563117368349
944258891750358469326271
356138480279374750852669
521238268377232384693613
999389281929879043166105
356385329750817274268069
715706216836515236387875
274525214646585651183275
545233130967428748855410
685488475041296201596352
019123351711986664893711
077974299648884385631398
121733571347613732825119
012662943043441976421541
664287446771334483287082
847872494919047393403498
182493939136517401567510
455856695920158889449097
814471638044952503746878
376448175762750655932143
483920599753188231566451
285548834766657648097365
707306269886833244090225
251327376363604148636545
968512860164013192903947
907918469416678372112607
411073762845941574998705
614834459897558256487260
934696357420139047143330
624557353893410259118739
111235015966144892941608
966808449202218096086404
372912120746188295393749
703293443133401482046160
022175912597229255326820
405492129732867251163087
818798662209132844850450
634725387401198807997525
309756254230748062263655
614183525281601274308861
631362115321528936518092
074754777307575969511242
851544588435052375560593
581441015528140005947299
995034996022262686916604
151138794957320234758912
174515116649936421487585
114360653896061935555593
817496843347175746097521
019030024489028513053429
870848811751522295335154
487715262288418709570968
851746064575097364828119
269302816618302159501884
148296633048730194780917
632896061542528750505993
653376038694193833833919
350373706293811001498910
354973778764062462125693
303191143535422036264793
508181118342085736855324
578032656024784140045515
134124835007698840080142
738783535441208422272377
670404168264640180337660
989417842954389522129104
024751507368783237205360
129530662978428449562808
519253881523961714805737
185960792993404729892076
216197620332561760471667
696284259155359918201466
223476447274151538069453
667654385460493182332577
962511270416346073511466
822619194684532207144307
035979438437824971132078
029472400514170353381434
668546271809862234117567
272639574557542267192374
691188974179143042290281
921776034364248668946779
639661356342117159884673
665548826046016554394625
250601953335015523070360
308368622503289441636757
268354641939714895394266
902662166361250723767836
392238226937386115288965
771238947545344977693880
267491684225398516415604
749002318488597841099471
100825272278841027261737
772383401797984370997482
180188986982774816188462
877043124714920905519637
178705369756111795548902
197068884229964852836140
382604325823397654620008
198906345652216289364445
148538986107351970954863
019421962617329555433863
176299334695191975008439
226075906124605176668274
338510156527442301738727
388352810910144148768553
826454093586702561900334
771108197726091527093770
675550138299405063442152
079434056396929286585275
656431445842993397321714
663376513745555662558175
798548079856156089624063
120404415339442572027528
284575133547602239462680
571445740872763051685863
211368143212283938953699
145579143418320830850959
346573846051838614041135
844413161370548917503857
855215811952266895566955
313670870939341986857562
326176328732653445351192
308895142073667452074788
918396446068602706555178
970249951420702069710040
646617606965859632595073
658805709251753959896162
807855653755146656670641
898831852859148428690392
157211469907142087180948
380802003864831861572052
331978375347539138662456
720617829967489113300014
943210245114617885342880
122303203479683637820117
879227043781501241662791
166875241402479190980540
364465772422008144487075
817283791626811999448171
693676805772947866009751
236059852644687455020142
624016698819128095584383
701575994795865815412992
149951808696255469035285
903467237234263818001144
281289665148877245024748
220194922337018150989858
087011723728554583703004
837442334392513433639227
399358193017412042115152
519911272867626124185742
297325388616359772864878
668631478496920353812614
974488573593045878807951
527668874076727351657975
551553147882629019050493
469318448449511695355125
896673572610543206236203
781357802869219732872584
019844323167543148015733
022838208177189666697765
299507592918829743170056
737552087792047254539058
969486328748202201162075
443587440740784845456906
156447385166998728022119
087786313827774868513155
287125392043952591999709
050314011094274649629456
335314110043141637717962
041087921385243843954778
939076933294960919560375
788550715916189201404021
412019226821520275961052
444074968912277241225545
489071152670465670753595
851130146487539027435688
189977430970987141744551
671587888310136287683633
247516042553085788151687
118154248244054647884967
415409671377843227010300
297352076409316307484709
416833608937097531569050
634922588601886325822640
680340038132488970764726
130337878468518882466149
950079987394357028766701
615017736866638246629734
605021802509657534200163
533513103019486347941859
311509786149150340949140
943462820545213835262501
019264400451295022281041
932509374192538798384588
055589480864275656127214
528889207344118705800062
561278360943198145779911
136945171683223519778376
023931433264910376174693
262693971825554804686837
311222657003402942859735
583859458272315577262095
305478169452790137597750
626607206241180086499331
149304457968093749523796
396421533336430545873539
268956777652511113273295
666187718493025148602505
487803148131664324338623
403121264487961322074525
118959623686619272985012
102783948349468026710851
596215947338342564794017
533676484286207933249805
919309033287287695189168
709356519841464635225942
294292187033328899489918
010496728223740845913205
448249901191594809136948
210440982868441937125903
694983711451120058882956
521862092236133574188756
040444653200698024586053
247703909227084743219732
465841717225156470577754
617088799922579415484579
070774439548530258447321
615335589098104488825275
400586540790846455686163
179122310451380889204073
266578014102940639720855
566047865351953071434743
584588685018645451070394
189156252467066543389479
098428516050862559883257
232295867581777783258945
878003350974784229638368
071657501352391854665946
937405214025162298481052
056234061445351831465231
034774567881416828279050
723764289635619668491994
825360712837090217315220
762810527150684559378151
969333881592139320181176
129135482463491682928238
542209012478130495161044
854254177023806073166847
174382436798278845039062
248891539685182349761407
696004724684448372907442
678167864951124218833455
727989187387323157871036
495133222146663677302239
103853229863124434017534
134883284096218955117872
237989324920324627474946
159285375487585461960433
262287562105983723020419
076304738475352929232186
680508461666105961180531
660689364817092365121650
695416792865247883895851
162749509346326373195153
195939927219939125582646
880063321474597719052724
946275703704234151470834
081776790515629439767632
396331486599521325705893
596244175544563695132301
872402071142171883384504
076229657279603405980823
059604715771478612297020
902024758432961973473227
525357462009162700548159
408593989984235294044432
210729699748579937537139
184142187381112239760027
076945653609762475697685
437412105924827112540509
544487452465962258009733
806403280681726306014669
755511226990769191120349
025685468686316418681228
220425400560771846646704
973920499949917395428354
833939104985865062304400
386012623102977825393793
881616767662582057243455
479901467670561652899410
649453804944406689903627
690539500944150208854737
836793182362483554763629
479037318882073645238501
406990958381702178035274
030392953222545306915619
510665833892996600753537
162090461553782606168763
220731334966442770138516
217894164592484847113549
022834035478342697871632
543824548410908316475409
152611757250269297135020
475245827310125846079462
576619697585227345727294
969378733472350011117049
457600627890034678667935
025916545962139752192276
361316461982485732138087
919546414102310894730049
996300560442645633416262
743286307655231764114548
113331382667329596440066
766726039415060915591398
778408179434717475493706
345398390341277899007652
213540361803502437964385
413143952107538861210444
639208907125602952720670
743531955916551170027073
023948876678366664712029
473227244775460189258360
823634830249323770828752
236263163174827363836417
480696087428521297202835
900784767396210323186567
689486183922696914143935
333336696598219771132900
875859949921601929777321
554267147605360671050101
614900071899190744656660
790546201125710194866895
767966738001730914918846
468866494537138467506945
600526098406861187172661
164008475283514379957958
679600320731981403340055
233366860913054173323570
378109186421982266303511
304523299324955595498968
498808524039845827230577
400082319863375894908229
733607207180050072211635
088864497824534112281610
698045164652803667522715
523356298108330726932689
260936864949385115869893
146209708223998669128187
408740334153495007106444
592250875997235878599495
047546285292521592847115
352091125796238544920315
996038293205328351834687
298846794311128550422502
838065711869846299500250
159437155572214835371341
151101394544307428522243
760270205144744143430721
297028523516496455718210
354493427612396832050145
678253051830360772133569
793240071418253456369986
374006249463285343793949
622092576104738453869335
566083534408936017916828
760819378708010855077085
096378978272201910855135
035916432346439905553025
154414024883077000354712
265781526802344765971828
341221619407102424613328
293100109818666416001152
307855451004485657475908
152330346607321506546183
074814040758411575895001
889952868953003736802278
227414960524470680482230
432671775950846543392200
427917957210655932851325
276428224399158549076155
988216957667066720197631
501630086900564515186933
235207240122987772132372
971150189489367678517886
792545177524025282555794
450271962109275929404044
849614159476445410554158
371771429238348248179660
310636810790978592173382
527705225834211606118424
525689354764740555881993
752656698297317935637682
451242925181564508118671
069065509752420466186869
093223729119738600043544
886236924046401864175415
996196838902206994118398
025420213056161607693544
191135490294755413683079
415798515685078077514825
636068276503935466059074
312203202142115063481296
898129254444178781814177
012119383369197950898181
210653004971727626819077
098559128986192799919934
072925440652063270903082
621168046266110254500970
783476910816916138267207
792066507109351017436590
770910997458257185091646
381159946031458910683817
699395031359395612181963
151156466575101320485402
363422479819012023176365
128764610649981797263059
854740028952675553423808
358011737980446636692617
325218345151221321582455
379435263516257954970673
383902573125486964433335
361013842378814771029586
374535847653882104741492
679542514869353323178285
518347847326257388510968
373672410032214552419690
910925098027627241922269
291408105835217061623570
729084246404816039508772
770070591802094895771086
039978323095736971072440
123072077940441405328979
021201073109179901872680
651966688771567205608773
504246943580746046632789
017829905609551399092704
269575632786667619087743
181729287924267719666024
663196143986879806684022
528280981876959966234430
152093124171069582998691
573431809947692990820962
986828007976503283562400
268583800266021055662711
470926703675542675248849
199675512937873208787813
914664725194082323803759
161420785392595219606364
953021935227261415021215
682734226369319316706147
722363807125405092750437
344947199819620239857374
060213340210717623640321
655983678418799400445866
780826204106520667835110
604999850707363860204770
074935638564287886631335
473037867898439823685075
749097835194464398892535
792638119989500708107428
754718760036815707778462
408121194178189543113377
693815825812095012035146
443728739669998537249013
575162377485694497599907
601156913437743172909994
835419590224861608852660
733935876344536263531576
113751993597100564665375
713869139566466289494507
767833706014584379416241
739327158834211598616533
291921055048347416900958
808104416226896594441077
162191557678145781624671
736470867293756947239455
504566412737153112786457
525648716231047725824289
848078816226823615022771
314746420630351038700090
452449114691718284655204
731521018756646832633348
697872690914254267472207
447924455996888757256648
166380228615424550032874
525672949223573041724780
793441297455176802956039
113078161493096406688641
153790332872966515416762
083941644102207803237884
083324330679349240041267
264829272138046211878449
885673707043927643925069
937951670991603391882677
045626852172093631298935
744702821027027185100066
980598947627993066585212
404394336264284659639725
013578177830411854902291
880381164353920988280842
835315128004252264302907
111468596638839602007669
376118380317561057689748
204700907339577833805707
761980192966375473082166
789148192199443709270671
741105086224958470783623
673027416239040389904269
629945866494317242588837
576138700762174591922668
164781566286796572444219
880860168102755821638225
844346845914846040513786
418847399557373691856589
269262868267893412891964
172269354911602170725008
777496694104850754552881
113493834651559531045195
530518394446077450806793
479780814323311901147548
549281816138069192445323
369318586005295196274140
238598666948525675507907
530929691165316068859569
088680774721367289344848
028118629564540783373905
544594973691782022024096
063251285330963094653096
242106530502085385999475
026579460591123284783617
726969301052823753848181
378939696125259105357056
357246987384550892740851
861817464911781611477404
358510454818827866950496
817427171503822043823109
304166598723738266674764
097888818377226110947561
068386448872366491940941
462135382271712518908199
625926635390063453113989
708524482974371090917870
783208262556694700939230
372391330065626899007023
661575672548106160768373
112392300380527795713206
445803953595078239361805
679487753611222464588850
407294397504900444676156
758246549714838086073155
294002319091312133928242
617364609442468636217575
396072331448275187951922
368158260838115721853904
467050588506173924001038
532836221279478651872297
862892822485803628854934
985088033770400860227326
544432560508782077453988
540039440050670321878969
398813152329656962040066
139609695202846744443008
756997725289142632986144
064046125507445076066400
971958471470602276973109
387958071279798632164471
414646509412686837698773
113161968475267981363304
316216674857489933972165
323939483792534454284566
231879626260663284334809
388366392817513610014919
612018256308856087315201
385450375053256943606678
736109837987861406092703
808386287781630177012742
228940965887141501668835
773045669500585782881208
189781751122011450965762
190189138583225379131524
110016106617904488232783
301960935639411689118159
515957562199337727500723
573842920864146376567166
673262704915826343930358
090091201396462230441725
852534751668373897218048
651489774524114975366172
212915168313883555769932
089362111166328265636500
980449530824669289390637
206331867479045538998434
470558924277009936173938
082805117277721357658912
373882650965141428290001
646827184150130043101436
047714168394924248871164
931731214241130382471698
968508213983479977669080
108941866014125128422654
990132344063712107231125
783054049109365975867547
378069085730731296886163
712407892028268220423991
100886427550707581169235
605606523427020516908878
269567925720271031872652
486857067089439904898383
922378182255023531961376
972963243935674280272422
327280696445561020037666
554079461155454160114637
877461486223755532589236
695027656710058906519591
193028601592179740888581
579926169945209112146699
255362734603912998555599
528860432486872552328006
616038816010705052448348
195646806487482688527879
989851574529653194956404
824151000139502431416819
130342440526056400016040
500746569022496362760577
623467860330258923198005
407486498460999486195969
734759189043110653999056
767128202566462797556450
908995672911200577956368
994866084385633479224761
247592111518632449201270
730946011595698411528871
306863800569188411649413
077856484797085856939377
795228100839823483689557
813841575095596800477460
639414251096893260457264
497684100935444953933310
588806553954745324621758
050909611140153580520832
783881319727136532832720
362227859978255805430248
251510684624301794389314
782846216255260257062248
144381752818086139054608
943607459892636254368643
756678913051073058624791
477869966741741367198217
840306775048711544084958
411481507342182654378073
146931069113207887879718
218000457638801073047440
123074891641059010222014
321207152979336464389277
746867310239042976708492
224949098179959775090960
583923602709480309488666
498963340916604918221605
316388419454618014390220
880302257199134035261168
795128807016508567435403
058880169559341407870950
619874131129194075983941
000433804561523997563038
047380429164117551219938
611100792919634289730040
467812354158255840217631
164236075383106154289895
862676778555944536268427
214204209400306911531609
014516081154290300519184
651301676261371530151530
021892043214862115348213
315315992734679987976257
866459395272337372063138
046035214940292375236764
060879017169448485824652
683075176728847049394109
052911576118585679942322
421371188812074898446200
325398941758104565166028
403533342799796438349711
286556067238212511136963
095772336969751109102536
187781715807141845309744
456994729773857281030699
485098894056692827568935
329961835811446267998973
937756880061917994579059
398979062254285049323222
744881166731894092306942
230420674855609995085360
835798008769848061131475
746015132919084782763869
887240854129312109508966
925210274059144289289852
110394903163549397127762
776509885533152851832483
510512909868781268046035
967542868636416455809129
324682163577814261000008
167392798550939711812276
567219769813453610703214
151154874347726877489105
130370682820580644973310
646354968597132540163667
087647117982812242624014
791072322885642631291154
409546670319725471843603
678340464475950184947571
263561511932795819620078
700392955011912620619079
419592544654751217386965
071924183650756829868641
850125654844297543183068
065222965625855451343871
565325913881089101833492
756753867770177709319259
809998632064253732692267
297166045853873039068839
394995459089282624023281
964470331562025360067894
813856778380389989692911
413428996910533384789435
462432296464639716613774
962507555277364217895739
090487737827704810458087
201589190296805957481221
222062588720298091698666
229185116177782791634757
776500937277199471767418
380426741854113830415057
474414540379038393528467
318026461306808132207290
364367526613986679091319
198359138289384643838421
235376324049005625979441
299178653851421084186512
349150735157291210503919
001592481871847602772575
855375472260989810558720
532799626720453482654276
346733439235153494502148
234088785605804360519844
523759509874141098766345
070948176620767397996720
737750103834114921092887
932105655626055877058562
768205461441345159465783
674490518080558588992263
666624773140397676704104
049050581798752596284431
740290012627137593690678
235317528361984063257530
850142127459301562214787
754255353997793406734791
927499272706654638169631
912971150339784533630366
270901645369204875066121
708634731443247753107068
586323671728076654184740
358415804569007545207860
782887435088094562792936
001979956002842971926813
327434509432285549230581
559303129344594123825205
097669460072171919665124
216583172694788145018710
917570084766518908593080
927110305167263837034336
209312768844253673339458
339914168730150242967741
471782799020086404802350
305337798843837165936873
845718823581047887656616
481124308588748562027919
393637208278490198864997
035377526428644661283978
465422126419751452860141
612491117729858239588097
391730198982837171893119
406252260904105716445746
840355154797615212562457
299395879706639108713936
358405171507082465229419
949260197164665845088756
390525000165367809462546
050909833339587276345782
265463215666860929000884
786702686899645003444309
082723789095713784498982
891773267679651868412412
184586313377805202878295
086922206050797788548874
521757924844902541042502
660607375589590270890989
184842072642732809778443
155652192161594203934397
841218354503699961150848
982566186935553376945814
878493072569717702307282
245548461544745491366786
625691714612909694893870
706775671644083864954405
269203131755362141321672
279665108523378960127614
658605396680328990097896
343133407068569299612977
556906705940161052921401
492424494156977283791061
873734924214048728376030
544587011454964383403264
117188353366806852995136
485055968996728312739619
332234494006945012445929
665226473836740269319964
141482314455702471136481
824559144239413911138847
303758084112058392611292
114110018562929382843716
959088607639621104584113
983626538233143310074214
260551571286783152583730
615371925610389322401521
972603068346909799913709
044964063211313250026394
591517005379212986252252
384036902490705344330397
503167293596597201761822
406309753148414047286774
858376786019130179500811
606036935592639708879733
765765649492495150630535
585418765128232641149440
743391376957507213747862
707325745482227061803753
385743040356845037650037
326053670079120452537276
738041691986205787342723
681329125678719791793164
685331035510935343433557
148784308948818503524583
541606367169901691319753
098397635277522399719540
136416451881349863674688
531413532948493584681260
067734481460694932035298
570779216914195871980239
081926791892272768839895
195238767277218358208449
214815307089303658057034
251335432648892709708246
073116752387365863828890
699442656146257562327302
318903340915172798884833
589994546199918166760985
242109799252344286241057
821187453483628869885408
240117721278633184490967
240611969985114112428611
086123860444224496675014
045325624195536208954987
645863066790311596971875
121075834377467639029523
289229218689297515793237
415057501415362859588826
483537366995522541770193
109509287511039571700299
475409483879371361232833
667237074244185407846179
009766809267934105652513
497837022389048637541196
248458883332556031716828
141617388142872660033968
787088935436840379535066
253470758825760115039202
750500525090903276583777
602599873913748433395394
425142236939267406424319
611266363332879387858557
674876004565678393509099
246184914524955398122316
622170629742971604513046
941792181338639073763411
397992107968587852395431
061000693784348194783278
829995530059807132017186
528374188606496307290079
905496754434509508218367
931743912797208434804256
638754530676400108091573
902852855279385391795611
811154538592604206131052
171507558223112982063404
149936518808095246168670
418435476156442568709160
146745051399823912565359
202688510149403938612659
012253201145237131277733
043384895703022199714559
118609767397604510098144
825348345750635950748409
386382709127503767245773
685874810405652230518800
003980066149476423702465
380093294046950067977356
562423212829663726767088
190468386003604366681981
946649410014669649742335
210474397230349846585758
565755805978224297558156
591507014932555307045785
128587317925355786553760
147653599508728400965232
926868482524968689145172
049059575042008254133215
049739184991317109695360
440659828363712951404827
529655280938061759248842
827138472136016286545472
831609097177593808562299
163874552777099387995083
826400621832899156267638
130470885648644810676907
826035265902587106287929
688972288011791555965778
393685107435138416217836
767119396094972874861169
542635306996402182668838
164308912060738742382897
612074996383998135577868
738842280864793422958924
791537913920086584499096
007190371514312826421722
449329930595624868299158
593044422894429629904995
179751846273763846452371
600502443048546492698050
258650844565119920268895
477980022753853622961754
982063702678074008998931
495634840625365353407954
078152080447796221472886
667809980238319933854232
213458601321662325774185
269339232964026504659104
958511808045334279061030
272383106428003716384745
316798404697510498627219
972040204192424776047564
546615749490916092614183
354491569769166578550665
411641501562546722156639
951701114755470589795619
353987435102677209320475
905337417870435621679506
463327902480611969773074
916078092015174579720028
926329564158130151276004
458165631399760177504014
551871634769153519120742
839706700394769521313241
250346636935314946375161
688149604273040758989394
067510025224162704397096
620692626535575122796273
037062597760730939453094
452048480003927159963807
400736604976375976569614
370199972674929196898357
668765147976812628242124
195369756278960880157767
039736007522457271474175
117040284791796798467845
360062014011842098546088
016575528069722026869361
344023866949814937791364
789650963267402018757202
297502856125648778668880
650392707148875350443773
261722817866593004295160
514082727842522559319704
277105858085679407360796
283482356205715549065240
264773181456482887396146
543425738601617604934426
317076612155405773461003
696481361804065476587457
767774219989539329594247
715353747938498310641794
769644742889729580679663
050440567892435362803983
559578062597637136978309
811294743542397641668110
000899623689570656357837
264743291714603006410264
670153526010918256919457
387320308589663887560270
443222134069563190781673
488329503114622842446136
309128871979927385490410
649225753294493128303465
368024164228174310759591
807768372109459558735764
725094785885953366464514
685381785108493565445711
266196679776815612365108
600271452371920043942014
176834995077112448151690
073828263654179953200189
612397631875768702517203
534275106186565332410744
207425683469283571979830
970408199153529252043318
483202025893061148560940
962968176756955583808036
750752936084148844671221
630374720897367759023585
170016969779548700972833
991882878875228562485587
711877743290166368823962
896409892188971869837129
253304563588253347171733
248256446348364589748244
617443785331766194543980
994251452218937978121447
961604760425847961962664
479569821407754867043299
277656559499642524904853
935247853349120633332944
631617473046283893916964
392959509416232902399919
324906504223236237193343
960434580300146401920399
224650334018731226379330
188156054143564851295047
336929656946520347378036
786391655424035249930065
437547101909810273373882
034515444022283337442453
731528796761964080111682
261533662792189629520930
983655666185112879034788
641522506180177445106517
085189631870892845596323
066146455085272751627230
030279919606490988313258
993214944816641714932528
960096266495165736885306
724887034388829562874678
163717769168167327616146
026386489451097928221219
529030416699559493445297
919246775776366451131127
504700044596525751409710
565040298881913064221983
899300173004643069645786
494535223049240941999425
143020990217428655110141
155202392397995474221450
485384961709947624516684
211455870179068189644299
476622181663320061075721
819038808300411393293821
876778487428508017944075
215016660834394943265786
348320598833888896223325
239182101993238064729177
717837355743287758528121
519699460032926233544202
084962451511486125510631
412398894293265796838169
072397347969850170417144
621853849776598503894005
265780953223607431891416
450847907246087282936353
936531210062893223183214
172937291207148967811917
912818164327044081168075
477829671128922507477281
961773444623068413451985
213419070775003804593734
076468780671916087969294
851069103829222115799709
808124365223491005277339
258220552393948215028849
811770564346802844060057
306430586829445888698527
187490928084262943993212
675065790250940447414360
960972145160841731239684
554554721798968276779122
522004147504623137459596
955327941209157588015242
522812796798646243742468
957785735493054350051177
811683850529031751236851
978246952170567629393387
715451191659384992779332
241570947490089003808354
745760591824842560252996
642605390304826395773374
650849892838037368074523
847249654148087946624257
710383930552494205887335
573477616860867638493905
710821189506395843231965
167103258030405128510824
104250075594598809818161
409826993101820657555117
254629352822892687641708
247123216161841711133339
534707688015477804480499
368884676989107521344489
375996115534606529757458
545667342725748373761354
817488826152220663574205
933749275333184997591788
299052454516245737647973
614767453759424828607638
666882979829435678139985
119496825584217867875054
859758502560956905432513
641044193873098796910885
590027300712096154516452
956577692231713212507246
701934383442763367831066
559717120087035086604493
624593372456097610746806
963679222750147378819011
914946204124187309161002
682492593730316408283962
436404685075156605421150
614092540676107960098765
713552365676378292246184
087432821308558850940882
631371689332688584257382
118995007453770494152759
590908786912047295274615
477409521966155906221889
347206454302579873987964
966304454359549586077661
037402900076324747210310
038949793200261311559186
053917762732205555316332
716561850661463929883938
565840710521158256968134
036260315172116348749438
572083607103592773414552
650076735812396518392868
710531281093019518916057
966680756890142169072125
370419458333688541470896
109558212331814741307634
071080045043552203781959
384306986588690810973179
004218233210403380846398
694795706553138047031506
899271663557651342626230
840539953086618466723878
299740533114987490029826
023373396596650605009043
251910232395521012492765
296398216956466657517795
776058780914044470506901
828141541976880743618649
480895211653708657344187
546515940500397356465558
626687645257092984215213
372897045256648826084792
590911218828258866229336
409735502816966471937284
589037707024965671564162
935364495826423908139874
718690789836434232057583
236486589416152457944919
516373097607606237499792
679078922682140630666240
852655063174521587297961
467314555240308157180740
593748335193766682858170
141079808466652385822685
848861677595500157708902
745784718562579920618278
824587115805281845594239
388796949803845514673690
667963318188598104524749
485967022546735299702266
470894337911603570031380
160286308888277057419424
116781262909049806955567
318031747163110146815050
516238031670834353174039
599177056441686933520932
296492088923538405099546
514030906907198251879899
522459870679550085533248
641299341014658390155558
026697244152595730532791
935652722557265564731423
394448981314145232958739
058084194339883721503379
336722310238254483785796
113414439417551787340453
144998152672784035096356
972827762712349260138099
100222039500239890798265
025975544609022542951752
176691064123669662108666
793382894791463560485313
722860257777111097664676
386669604534421421138136
648604383325040267769623
049632534693953902907947
362163966518716275628004
176616608656015963071495
282246803485456173370136
799457826652981389091101
984023569699939173766416
215479256672506593973874
718979489183566118062481
411924195332013383926379
955518957691814802710731
576409410705623275509641
258408430398712426149110
656986145716095391054042
163955106316231284240639
948363300228780391139230
275913097779562024674347
193725233977232334192737
543252596922751657914201
283076702821120486487235
529305107297591219278163
160664687297145185736923
017492122183981826477697
326283501761585218718522
589533349557281860664627
750715314276961116169079
259364925968572114369747
828129598572321354663423
922093602128341498675032
907886635820398876617126
869039150223760080796544
231377007859531652606592
756444019624604672045332
024360764620536946101063
246424907480279971853788
035099655213877510639248
861908664606343127906562
617467286601368517280905
834178088106350094793554
783230424478443816660866
904655339363664657659239
216049497439102491643448
812154380673711216197317
103015824262155978246441
332416866027521157116498
339849946131500879810969
924324774569981385858151
184405081067698521380189
559216058807374772487568
527086821887622447709696
648512077541690596049989
371441788935751557938099
017262269881679058235977
455847903223327585464905
284805595569367387444899
330710618203411329407498
138206045638149070104367
028755098587453159860306
053469082016576049911929
538357298804549944053377
377857429891373029830344
390111728897760015064490
320475195257589668374873
149330010313919152660944
781237148768417242004633
266377158070612737054768
856257603305716916996891
074330995655699936043807
347669601839062476767782
230657624414985497871145
843088951408061898246828
622112409140713205415628
996459410573992832397998
097892468793902060089729
994316159544392765643467
237625581988101656022461
364424981962094288550078
678319184087520102013705
049474051471637480528117
148335762993957616467542
083155137111177745880429
374603903557447806039090
929450720363481494861746
258308336484524017631942
946075981661602475380470
005187700602332296660894
572313016183755011170489
076741883327157690012467
788062356083861185771552
740460557242087559732183
433567256443503196017459
599824324066667146942357
828072989265679698412255
466848542294243975857796
222690773479384796195792
021361924798592823265154
245151260598242317865590
818786581219522282092857
314715501694363527671358
178236743423724134547287
209734216613031588605242
122779731368482831308520
681029516042332541850089
086299952943088076947939
007013185179115189016770
780208754353922009446202
867438215653021574617212
535360563972634505149315
879088996079936226059239
937065941121344538307373
969995905643450307037850
427947756982997230708401
719211190801219693361679
251753532562001151335719
820200465838420118047935
454424849202570044878807
483406469486765659644561
783309557759344328652728
892199579780000488492151
236861316327204100865529
349359532665629626759730
877854141489475560091441
792572398291609061320364
945195826292779575813570
688260181477983670780527
523037833794649298869540
167703352613817106635467
398115818983523192699398
567344734074428358032843
972262759432458801567242
808924034321936947542373
915556401341378024911597
072790781090649543883723
085282760295498245726010
446987350619656179084303
107746671650558698332289
869589540635233743070836
694811909049333396811951
919117238841796889422450
697178778660164165917145
794545978923177489521943
810881153829756548023611
413346267848553570585564
377212692193720546844534
558402304980911804289714
494409671958314989515449
261118516485809124413985
105457470627458298428468
198876168488808725796266
282817397661025163682423
300091549403347236469026
800680943079611646348786
817494008322048910247636
306172220610145539103986
871895987321751776803918
733647018429889446818170
504594680670547097397263
732207389696300368994639
789006316716165484261218
419422896782242247872170
513861775243069920973432
680329098937661877951088
787472276291658391387550
516665450651068431937890
310266995623970421870534
792596105143929325556161
772177458613726434996471
950210298660662468171872
076994792140070014088479
043645039932006531309504
795036385965705892326086
486284616984915541066175
964299917334623235907401
960647576420774606732024
291339636835191868357705
260854686047436021629654
146311859143917980046624
796730839181885219178205
828819786058147057539179
183830053098239735071830
525724621093364517153401
686189227108543842327778
104078021227324717922667
595779932563276272198848
976707716134060234472978
647692652669191321324899
729649201802400855336420
035340542240856124564610
199094343338849486519185
571336585164884965120115
420806537030219369088875
975725505256954307720005
103768639647793006787425
163795562459290214696959
060213793108994499375823
426926642607034419347368
254930541083465410465256
501511797169465579387431
203496003515158072520835
513953060242464741203087
850093499689559279788385
237959161139877587884875
304603797742886592438096
943918685535856686661549
639254614538298501919943
592747488857900786747248
053476075821672453200856
222312738231350445785542
233495972732074685292294
006409507997913459458444
761687935028442782156159
180814274742085861907770
511013679498789503824239
775106799867671079237662
730060307013025756404450
134679640596865569424412
352015818720146153746519
626208649254497095452496
854231906019805546422000
830000367179277702785209
084624105426571805152936
448208993834678464523627
388875770072328410544090
252314046151842088723466
047097273328043448701494
453975831409678540549736
420156894810812793019293
563424906032781982840724
009666391684958171332960
224994379872960679584365
848329215408207622323353
594508703883925833832724
994971858024091182027738
125366795565890606625572
756299808640301096349889
442855899271585064621210
013387969363625621059897
304029910329642514877659
998563851228791832851103
937845931986333461445252
023831842971495743022802
421148522533405142515203
700800509108250468639050
162192497933889912519675
181605640830957181372317
981831746465957686685411
161439994202752527048778
284927125387815549730549
784484589306888279374211
617098753927999912485550
873701251314566337889258
028877561507561978368588
018217865543401539860930
206174245104289626761708
934150371977326019365674
941096490736591477499214
426946697805622429785630
715601603047913952562039
569172580520654331248103
820264016711522646747775
063699343502088695487467
207314892970011499006194
648388871971805449470056
987020620387617602113706
888131043934596351064182
859618407895272565230260
748840901409554904001404
670836391373612888645897
332855226549038290416768
150505303680118157889422
157880745045086249951228
166245746205371950534472
788983035146589615818669
805291109380728542128751
743711621424505100452572
718966708620812841906964
705277578389923688745170
601831895115366322093859
835078995981924721101027
571034361033150309035453
447029583325528872676711
825570136021264099819286
233773049666058775564933
461575824235112616960723
482943550828000754132851
298116161715140025832711
977503370140050578316362
166197157841126328858436
576337198773223418831684
098601109932142141698644
417692616572490888108837
530981962982175576962194
438393823627903899631222
806055382955286112798840
077535622885407733048567
605221178695122277613333
767663329096982959703918
126562928955324233115828
571641366139374013743600
317848019339385227779989
831700637357584150667659
578466031916812692699336
588814131753233815796839
753939351814544338678660
793563654907670510174586
718286810777765921356112
158224530297029476267476
585736744566405509550070
383118656119509985658689
404058866515564798024296
071226520524728006447286
433540000216013512916268
446639933702654955784746
343477186627065661831790
397669813048241240715659
330414320107363973061219
032429926179376151104390
641765914836724914495494
882365406109675074081901
449377910853886105200732
679404410106193686672088
870610197885246302357310
701435597852369359122550
471441113419789728894118
365923649229785129243238
778834765313125503479798
440777538625613442491392
772599901050049416995595
559590616248493128215818
802950615682761828040929
984019425040421785855922
686597210828022659516242
882079399063367632388204
019210269844714126705775
489580550291765692819478
353611822650128750711385
504579494058623286361715
441649461276699695917977
488770763596808103308887
775726597597720094588515
162555914846465667955357
519208389360406983813480
883995115032034582823700
018463822754437091204262
852439422951021771616227
480871879286253896082214
552915286274679035700357
829352965016552117872798
340570916759720246612510
920509389726714933935408
114572414799642818729946
489485036821435653267595
627441163664884904789757
091931592447574863881859
742632570301112037281942
892369424801918503598561
110245709447417884125176
582101690640478769749795
965222401270289310521177
760014263049517183919527
405173927307508384937148
987762789447879099367398
904621556460932931405435
941160594711382176465189
899271001375025744062675
442410596131375291807628
101198123055484530085281
076940321219515374337440
254182421834929015110204
822902046948904220246014
894029588401442373357622
236516809589806841974472
104941556472333424333507
900334408052384700392916
215927132507950798887850
035636337705493909019118
016460677643128149189416
593539637705240469330483
556862862417945006325965
263752144840448311175073
731219154964302241659512
021071295126494990679724
879161256205113116446719
802789879790727795674657
264182768916699251259686
136000939755325332420114
003396833719186035067907
009650495475594182137130
090389134616751279761412
313934972263999239264407
974392815350179503088302
529731678426629136822728
746292619109876622013951
147258404766401798067769
571102723727970097371337
490955658764956082889791
295907607777031883676875
907129032931234046684881
375517295220631996327026
575122289304124429424699
818976950863148977167776
472615592980316974317982
167407534872106383908118
481657244601516611671914
120696156239112508285163
301723331399318951939123
689030915922368012218470
832487950479594811620163
247059842159864206404446
311121968488435036191154
099052334214010392248089
485514611812645657844036
597569618222319309765373
760585420306745220726890
048174255026298662987829
043638843775771911471231
787271208804444243456921
703166755217613494385403
640387023980151327141292
114213028415075123918918
000812395697765883838516
151152447246605658638607
188304806752284943050373
731744862114405868328693
530497097372513735068019
703506662401115869133991
958265378096223323327456
791365486229692132624771
288580340433793325531037
017120619634974130955773
936042665861709169588407
259888848602685457305955
388836381347968057055201
403966519643931972819506
136972111258781905214179
560084332261069155419509
288113481606036811896916
046856648957762749230617
735850027535491042063199
351643734725077408890274
058662940062262233169314
525968098174364425495987
380321320701155392262364
195614594576039617931078
968417495102372671117984
097049371970025960083524
779286147520656648493519
531149287703911250553234
560457926187315131981792
982677920488444696639265
022127347013018793288523
438115297147773840928734
052112888072121114831448
324248186798583338732743
099670197604820977057904
780256993607479840676986
957919752271429767038466
605639339929941788987377
189653240185240494043404
901003950997867323208803
794451500100903450348170
321881732618047129438422
117843281856271650272941
251569183307549076943892
881123362770967967954442
937647742704190623885073
891280119931719859423154
616841230078921809038747
249001737289177239887521
274763548088628138379720
395815927988574990212696
907086548249304378756474
249586861047536775552276
555733302872118781631587
028319451346541788477957
892529141953228548012983
309334663654676186357319
280474171354018923989953
020746181472516866022255
230791608077004256057814
727233339274701363736329
417325691718668862865360
196874022009710091852157
974828935957749271604143
292305659173470369053883
731866593020052786923503
289160709620725220045177
139007677941180725914016
667995458498785189828394
175281775193803757559601
260308265093540416840482
675338826040427376859715
192594927572794328842652
791018140854527989810823
955077717437117966781493
723607777237102078280679
231938699374501824270421
768360910615087618541880
744410070687977411984651
720666276590555231873412
341612983667619789131665
178330695873409424270303
131901369476272784486370
029130599637049968598419
293881109542886109866738
280618718717549083920136
652038662796575814521428
985460721819713412629515
733800699700533110547597
905278087217425214200693
298585976409727601853409
132581920991304318725005
803441878652235120437230
163994005702809953065476
819629592599820736997113
331716869345467852176408
234762995043760498876508
671385198125602329965837
764000655533229620704495
739566487517625206524756
285568855769642455226967
282485178845595570967926
928634550938684305934149
007324261227329486486149
151839326620845436366885
440065379002478298772796
634358786239722158659735
487010141129064032644274
364052076007427613918612
338707097543112212818419
655526145801301002962854
205047038049758260041234
729822157069188958683477
100747171826127010828319
475801504275526636426055
411500074897411726830396
007021487810222332112477
087416088732406237722533
616173906555869233401657
953266431009974769681863
015263742042278601019220
497200075099693330340337
244622883812796996455912
867785063248859838333952
684269516410181352686745
354600586753112253445333
284224637653428247075043
992453875646504050148083
994653034054925406593216
510561280802415811496542
658713271297127939202148
486226062394237640199278
544341905702014260399899
320564633448878285258018
192038361948732694844737
594094231160540276977274
905661605453406703170569
145476993141130018791875
610423869803397691033955
919026378205925691400815
054852230467017380550258
619539640025289527945544
176826387697494012951481
193860459388696440969155
584228643372245691814930
245694345169556472748248
088411622592464631302924
806044131830862870014930
156104038514321789684189
793006760798832664319374
682752557179624301649296
981900468476704337453505
531529224517038833582453
592969109554261621423113
079555739507844434858053
627962779265679075673657
695518849049540230416124
242073877116833421399068
700289547369352096163238
341392342137346150406959
192302626858045672317014
836324038177225928225757
427490053053350636782455
207075963803142440181904
827126612407907196912235
142684621916976240390585
478487773551976417349880
754453798497978059383198
247305496727697744900051
855816833243100212454236
749968270035172175739244
553638174268122298409104
890214829139752131156414
872962929396160224818981
644292813131394587751197
868415439905995960227869
328658472964950017063694
826209278547446201762369
067666516863022345347716
774111021879055348106530
733479885372843287925792
372554293170737853220829
146227581330912548749726
401385315244142860240702
062516658960984804378492
784032473448071668359014
487625863476412572694381
969757811847417097699673
705583899644736259505523
314671633662455229682124
191384035051283109383946
205791849865242599275962
605252674410693830571303
308434796459479305655015
488511451614384462383430
873317870020339400317040
263636812498329896036790
567036362806520353178158
113210055570011805075810
366251804193377882600216
741954821980355308812915
848043848106916962949755
660991832204358021947221
949506742206335925886409
871422257169089537702973
095068354945379501383575
488215014830491877651031
301746954944285186352035
761229189377814159656393
449764504593662795947979
667341764659801876320928
715943095313377378710759
349464597317711415983234
567304655032240197888623
401810892700953436128621
058222148372732935730216
393554735745418483792400
373150206243661541076420
437810391370875526095793
889592881776751997730563
402292106307420497423654
106134917473920443670700
469302307268641002222786
616866276118130200667700
765488251273236631583533
034211856798836749601819
322048043787042523708731
586061531801067909891889
615323277819590938531715
082050354092172871488086
570153098057261132320020
058971426127178558323912
782214175034730446354365
010233073429607966542209
373397650072604507688806
015973482986384783323674
907377441664264566196001
611990158949390449313813
619498706426163824498375
052760107655809790251487
170699452371258500531801
550318320650559652874276
511016546386014329521555
797057757857517642657908
533374173666485779882806
693503703369217050274718
629855846300817282082837
357582411880867957988935
296189752159897276713884
782702174385104061089252
703072266113703903487494
847806337501890233093391
441821426729982360896285
953004863466838207161211
225667394585110014013412
322810124807757625801861
609422815007136132728450
528537646406059219607148
243844531620111154238158
481817102811826993791187
685245318312465627722458
767873883254967137983438
536076892312604360475850
272467147691185576691341
185180551145203235550821
784560442497789090818840
699843762639816925197921
396647178973366322942713
177713482422730490501874
944811238008022328824656
370226358875993182235882
069057650042891583013310
128476862820131585364242
043906117096788076282864
187127221311662345409120
125428377278497766715800
710434543775815865068692
819160591844649925372902
809532404203879751612394
878219327180517734390250
025904862651527402976178
388459110401638624919552
474947715345280601304703
982250377829021658273695
870436326984034063497536
101059702153487884067433
263246159655247260521539
082591642203598923003036
141044084945091195823495
780759362500122866701997
619796634955587475752941
066911291511224322689569
414007338390246846161145
817366267486125245856701
486740520149751180840468
591423804417516554239862
720994861633235825856990
317713425403553959513465
073675963974622640659466
052517753779122099174849
341247686182065820817708
418568884161532973449194
968047629584550095208459
919232561020220681599763
853453247186988687973111
395566448891275587950675
189762484300441441091901
945024629508436408021765
946976825868778568278314
124432224381788222715321
487774866779275615288413
975372531633882940802548
330573995596554272619726
417664348971169509585077
130560224142633524433812
781764576553292717160784
149926139147977789578454
499818543410435270594067
989554163891307473974301
653398395180590808071305
240896679386742824606773
022877873750238247409201
104964775221983537361218
890928502133138897282084
400402618290228531497845
015322162503878837384422
314137821796889241234179
325633111478457874617649
706634884682507125862677
997657294312872931872463
361802056795084189181754
588354835605919203816388
940719796875844747719982
897955684283082424604565
338378345543809437055843
150232695638452729958500
574679220976194366709414
870671484179611305072612
291272950436395365190427
833290380846349423633511
434965565933144442545531
249774816097897148667985
525496486283697876730968
798006877372260165539171
691424387543657339067727
420892637340548894829254
800832497559789104496794
254925892226889522649177
105385715801600940894561
647033811692397475808504
306677510258346761061349
156380692042224601384363
106563648528827140713010
197721945090108945603149
101821598030117171357704
815890197514151700533115
606411389347559216660176
025781663491859117915473
309012935134463735888985
822376582012230832392985
348636075505808724397112
463826041545190761793843
135523813649176787697758
862165947170590903254313
988055193121604349817790
944625020448558611595201
517824878349163175698653
966745824313731208470619
039261642283432174021963
026179419326447723517488
835085835492743179820087
394718578606992549451756
917358596119958149142146
578746844140336254429224
593495743382337377776468
384781457872050216318161
112722195213045596297913
864830637344496771399458
993295661659685297347418
487132650422086100454796
729760018949468054804441
207483623463761708376577
059298124341894239571563
221573324133893875084071
429077532489855575848533
774236904772338108634288
058951393599745889217355
148410025823872787570456
962787593808138156694872
946328360779962237775864
029584350732420205665514
752618463152733655240261
997979933924855675653507
074607598563814865740018
891020229630335614805515
870398845848582050391135
112697850551982679876868
323746617993452541108619
195198917185519117095217
797121815481148854052388
279177734797937319358376
155638868930785245891601
590058185852646130613653
587870006229440970961114
730245375866136005571185
132581192338409567720871
217612275054773059724060
256229503950954870884241
573299273377293739193961
624526726237730366367443
360854727293569966531592
342524120908209409748070
014272572990015054786118
994513053238981389731973
920572536669505532125682
426814067844171332614439
590216735750661564563897
413011196060134300830480
698970803385913803820590
065730788271614221971517
755861349815902124333333
216407416957028098533804
862411860093421441259909
794868446839194298133514
587512623429712854051670
541308665413879102983878
781176901141910316492094
847415872855616843476155
938162777774505157691690
661292528863770644211901
957041639484352808742153
434536107458271404558354
247834451633407472946379
780043982537605338034215
294535599155753781467215
817200370105729264883597
813258019469005903147256
618340345411465057310294
870645758347750568602304
855430709254419502533343
405821319146649629073503
243003545116796067226971
424537049248660334826536
395151227917560818226563
242625521195738407430648
022284065634730962226647
048373158757813029737145
511184411279591828937873
283955687498940756121630
542879101746154220154329
619725912149509028625522
870915839394425161192322
635128844687119227275567
190660425447851163662220
472656468567310291992251
110572216012891623646351
654329805321356713648977
979026072921120777256416
913201034313316067363005
107726807097361706632565
068060283292984200383243
038682708132510140240258
322861889373930813979177
950267342455178186625800
809442412895480302886160
924284909605354354625807
063551091374546618453541
503981803850917139686950
447625363402761445994616
005155626154849556593888
164240228920371000871203
896781172195534055141877
892211624142451150529860
551950490796698639327292
590187537360004891811475
967532559519077151739970
783080117241026235985510
768132784927281897704677
135097236347745161697006
702818686299609985284933
006341941251586360919355
008302973578809904321914
924569548578398052331325
526837427305990895219934
442995155596602985707769
871642835246866716849647
542592267387233482945846
262629726370043579494698
468212932788598530372154
930593475566794427565191
660320463411510298570014
309579865378896698865609
290889776455258593388410
141999559107490582592468
113625697686780107927740
406706527339164621136341
268197642889833872457535
465441158402772544736801
154980048744525364897348
919314816468008527869579
531196989142916799449464
251283049420696330563348
915662049637861563246056
830425807863085991637211
883527187797682685310586
856419081648196466354057
770287148246789000561552
542523005882950642673994
324944896650986522730587
508659400560621904078485
507917738658874109531545
935781170157176016487990
481768117434605365065277
529072058721560085590859
032097654011442067291898
285060436187388586566315
462050478031185502216411
058024314937884678198579
563027608353239230300273
685198407099671126534234
519874905105547106862874
733011751064345253520984
369587007128920931072904
293375319459452196409264
915890772033816666521216
503456057191660082727967
087009264215292304810054
234307937963995225826462
017700058451141766207004
788764586153986585739013
858027504818479743220462
097146573428673763242561
400639010014249196985834
068813242833280504027556
737340555272384384541073
740897775022573366121945
754651478982523011902245
902595563785600800805175
002338056384486807041697
829671890705453213959186
338429983968092570835627
645023517159546366916460
441139837743546025940711
822193724330177893573527
081487076614433981283935
553888039014447819581447
381379496976416779803687
299972711588108983021497
822812078741563729924290
619149837987189353140611
979422091184293665425132
298019220135811733792571
785396708728104815396007
335550966286195094097190
630655432457175070246778
558503966454681662981076
222326759129019611924735
362321910285720765783274
912148891779195874568139
831183047348195891918070
110556946375159468678990
total time: 1981.222453548
